A,0,0,9
A,0,1,6
A,0,2,7
A,0,3,8
A,0,4,6
A,0,5,6
A,0,6,8
A,0,7,3
A,0,8,8
A,0,9,8
A,0,10,3
A,0,11,8
A,0,12,1
A,0,13,8
A,0,14,2
A,0,15,1
A,1,0,2
A,1,1,7
A,1,2,4
A,1,3,8
A,1,4,5
A,1,5,2
A,1,6,3
A,1,7,1
A,1,8,3
A,1,9,4
A,1,10,5
A,1,11,3
A,1,12,2
A,1,13,6
A,1,14,8
A,1,15,1
A,2,0,2
A,2,1,5
A,2,2,6
A,2,3,6
A,2,4,1
A,2,5,3
A,2,6,6
A,2,7,9
A,2,8,8
A,2,9,8
A,2,10,7
A,2,11,8
A,2,12,5
A,2,13,6
A,2,14,7
A,2,15,4
A,3,0,3
A,3,1,1
A,3,2,2
A,3,3,6
A,3,4,2
A,3,5,4
A,3,6,4
A,3,7,4
A,3,8,5
A,3,9,7
A,3,10,4
A,3,11,6
A,3,12,3
A,3,13,3
A,3,14,5
A,3,15,3
A,4,0,5
A,4,1,1
A,4,2,6
A,4,3,6
A,4,4,1
A,4,5,9
A,4,6,3
A,4,7,9
A,4,8,5
A,4,9,7
A,4,10,7
A,4,11,9
A,4,12,4
A,4,13,2
A,4,14,3
A,4,15,4
A,5,0,2
A,5,1,4
A,5,2,7
A,5,3,1
A,5,4,5
A,5,5,2
A,5,6,2
A,5,7,7
A,5,8,8
A,5,9,6
A,5,10,2
A,5,11,8
A,5,12,6
A,5,13,6
A,5,14,8
A,5,15,8
A,6,0,4
A,6,1,4
A,6,2,4
A,6,3,5
A,6,4,3
A,6,5,6
A,6,6,4
A,6,7,8
A,6,8,4
A,6,9,8
A,6,10,5
A,6,11,5
A,6,12,1
A,6,13,8
A,6,14,6
A,6,15,9
A,7,0,9
A,7,1,4
A,7,2,1
A,7,3,3
A,7,4,3
A,7,5,2
A,7,6,7
A,7,7,1
A,7,8,5
A,7,9,8
A,7,10,6
A,7,11,8
A,7,12,4
A,7,13,5
A,7,14,7
A,7,15,6
A,8,0,6
A,8,1,8
A,8,2,1
A,8,3,9
A,8,4,3
A,8,5,2
A,8,6,5
A,8,7,4
A,8,8,7
A,8,9,9
A,8,10,8
A,8,11,5
A,8,12,5
A,8,13,2
A,8,14,5
A,8,15,3
A,9,0,5
A,9,1,3
A,9,2,3
A,9,3,7
A,9,4,4
A,9,5,9
A,9,6,5
A,9,7,7
A,9,8,8
A,9,9,9
A,9,10,3
A,9,11,9
A,9,12,4
A,9,13,7
A,9,14,5
A,9,15,9
A,10,0,6
A,10,1,3
A,10,2,6
A,10,3,6
A,10,4,2
A,10,5,8
A,10,6,9
A,10,7,9
A,10,8,8
A,10,9,5
A,10,10,2
A,10,11,1
A,10,12,6
A,10,13,6
A,10,14,3
A,10,15,2
A,11,0,8
A,11,1,3
A,11,2,6
A,11,3,1
A,11,4,3
A,11,5,9
A,11,6,5
A,11,7,1
A,11,8,8
A,11,9,7
A,11,10,7
A,11,11,9
A,11,12,3
A,11,13,1
A,11,14,6
A,11,15,8
A,12,0,3
A,12,1,1
A,12,2,4
A,12,3,3
A,12,4,8
A,12,5,1
A,12,6,9
A,12,7,4
A,12,8,5
A,12,9,1
A,12,10,5
A,12,11,1
A,12,12,5
A,12,13,5
A,12,14,9
A,12,15,1
A,13,0,8
A,13,1,4
A,13,2,8
A,13,3,8
A,13,4,3
A,13,5,3
A,13,6,6
A,13,7,8
A,13,8,8
A,13,9,3
A,13,10,7
A,13,11,1
A,13,12,3
A,13,13,1
A,13,14,6
A,13,15,4
A,14,0,1
A,14,1,7
A,14,2,6
A,14,3,7
A,14,4,7
A,14,5,3
A,14,6,1
A,14,7,2
A,14,8,3
A,14,9,5
A,14,10,9
A,14,11,5
A,14,12,8
A,14,13,9
A,14,14,6
A,14,15,4
A,15,0,3
A,15,1,4
A,15,2,2
A,15,3,3
A,15,4,5
A,15,5,7
A,15,6,8
A,15,7,3
A,15,8,7
A,15,9,3
A,15,10,1
A,15,11,1
A,15,12,3
A,15,13,6
A,15,14,2
A,15,15,2
B,0,0,3
B,0,1,5
B,0,2,8
B,0,3,7
B,0,4,7
B,0,5,8
B,0,6,6
B,0,7,7
B,0,8,2
B,0,9,5
B,0,10,3
B,0,11,7
B,0,12,4
B,0,13,6
B,0,14,1
B,0,15,4
B,1,0,9
B,1,1,2
B,1,2,4
B,1,3,4
B,1,4,6
B,1,5,2
B,1,6,4
B,1,7,3
B,1,8,4
B,1,9,4
B,1,10,1
B,1,11,5
B,1,12,7
B,1,13,9
B,1,14,6
B,1,15,7
B,2,0,4
B,2,1,4
B,2,2,4
B,2,3,8
B,2,4,9
B,2,5,9
B,2,6,4
B,2,7,1
B,2,8,5
B,2,9,4
B,2,10,7
B,2,11,6
B,2,12,9
B,2,13,5
B,2,14,8
B,2,15,8
B,3,0,4
B,3,1,9
B,3,2,1
B,3,3,7
B,3,4,2
B,3,5,4
B,3,6,1
B,3,7,3
B,3,8,6
B,3,9,8
B,3,10,7
B,3,11,3
B,3,12,8
B,3,13,1
B,3,14,1
B,3,15,9
B,4,0,2
B,4,1,2
B,4,2,6
B,4,3,2
B,4,4,2
B,4,5,9
B,4,6,9
B,4,7,4
B,4,8,3
B,4,9,5
B,4,10,7
B,4,11,2
B,4,12,9
B,4,13,3
B,4,14,7
B,4,15,2
B,5,0,3
B,5,1,7
B,5,2,8
B,5,3,2
B,5,4,9
B,5,5,6
B,5,6,4
B,5,7,5
B,5,8,5
B,5,9,9
B,5,10,5
B,5,11,1
B,5,12,9
B,5,13,3
B,5,14,7
B,5,15,2
B,6,0,5
B,6,1,3
B,6,2,1
B,6,3,4
B,6,4,9
B,6,5,7
B,6,6,5
B,6,7,2
B,6,8,2
B,6,9,2
B,6,10,1
B,6,11,9
B,6,12,3
B,6,13,6
B,6,14,1
B,6,15,5
B,7,0,1
B,7,1,6
B,7,2,6
B,7,3,9
B,7,4,3
B,7,5,7
B,7,6,2
B,7,7,5
B,7,8,6
B,7,9,7
B,7,10,5
B,7,11,4
B,7,12,9
B,7,13,9
B,7,14,3
B,7,15,2
B,8,0,3
B,8,1,3
B,8,2,5
B,8,3,9
B,8,4,9
B,8,5,9
B,8,6,2
B,8,7,9
B,8,8,9
B,8,9,9
B,8,10,8
B,8,11,2
B,8,12,5
B,8,13,6
B,8,14,4
B,8,15,6
B,9,0,9
B,9,1,9
B,9,2,3
B,9,3,2
B,9,4,6
B,9,5,5
B,9,6,6
B,9,7,1
B,9,8,9
B,9,9,8
B,9,10,4
B,9,11,6
B,9,12,6
B,9,13,6
B,9,14,8
B,9,15,6
B,10,0,6
B,10,1,1
B,10,2,5
B,10,3,3
B,10,4,8
B,10,5,6
B,10,6,2
B,10,7,7
B,10,8,4
B,10,9,7
B,10,10,6
B,10,11,8
B,10,12,1
B,10,13,9
B,10,14,4
B,10,15,1
B,11,0,6
B,11,1,5
B,11,2,9
B,11,3,9
B,11,4,9
B,11,5,6
B,11,6,7
B,11,7,6
B,11,8,2
B,11,9,1
B,11,10,2
B,11,11,7
B,11,12,4
B,11,13,7
B,11,14,3
B,11,15,9
B,12,0,8
B,12,1,8
B,12,2,3
B,12,3,6
B,12,4,2
B,12,5,2
B,12,6,1
B,12,7,5
B,12,8,7
B,12,9,4
B,12,10,2
B,12,11,7
B,12,12,1
B,12,13,3
B,12,14,5
B,12,15,4
B,13,0,7
B,13,1,5
B,13,2,3
B,13,3,4
B,13,4,1
B,13,5,1
B,13,6,9
B,13,7,9
B,13,8,8
B,13,9,9
B,13,10,5
B,13,11,3
B,13,12,6
B,13,13,5
B,13,14,9
B,13,15,2
B,14,0,3
B,14,1,2
B,14,2,5
B,14,3,3
B,14,4,2
B,14,5,3
B,14,6,5
B,14,7,8
B,14,8,6
B,14,9,4
B,14,10,5
B,14,11,6
B,14,12,7
B,14,13,8
B,14,14,9
B,14,15,2
B,15,0,3
B,15,1,1
B,15,2,6
B,15,3,1
B,15,4,8
B,15,5,5
B,15,6,9
B,15,7,4
B,15,8,2
B,15,9,2
B,15,10,6
B,15,11,8
B,15,12,7
B,15,13,6
B,15,14,7
B,15,15,7
